0.67138938 0.267893293
0.116723544 0.37261228
0.566058744 0.815432096
0.303153586 0.895089221
0.995299132 0.253852473
0.529582393 0.543918898
0.127276917 0.344271902
0.682031259 0.836098441
0.431752793 0.521230998
0.417184918 0.366755871
0.274862084 0.515029565
0.109510901 0.336264984
0.740601523 0.706841637
0.266549263 0.558845513
0.858187708 0.857483779
0.216173075 0.035664739
0.950113995 0.674768153
0.93570393 0.526011519
0.891305355 0.177946352
0.128026081 0.211195844
0.622335046 0.63533561
0.942046706 0.657385739
0.352055642 0.026846749
0.353400169 0.393399528
0.196945926 0.738229196
0.054161384 0.885603648
0.526670008 0.599006441
0.359506479 0.33300172
0.281956688 0.391780435
0.662092158 0.521965527
0.308236327 2.744378911
0.075097266 2.371960528
0.180633671 2.958534127
0.129587723 2.769308074
0.179089909 2.951688449
0.733023988 2.114406246
0.77772615 2.184396335
0.259828386 2.955057555
0.165770743 2.30690241
0.992723761 2.98639521
0.975089533 2.324988344
0.806736275 2.974775656
0.273220353 2.719411832
0.286873213 2.192387865
0.572520769 2.096576348
0.592457725 2.768656384
0.106765167 2.122385107
0.655930488 2.105572747
0.694965609 2.435872687
0.041316742 2.567993597
0.690772946 2.159195448
0.906507001 2.665141909
0.189860149 2.535046414
0.421275195 2.011503334
0.08846766 2.585753738
0.054640795 2.162117013
0.404095104 2.556246403
0.800697237 2.822226389
0.472311467 2.514500344
0.821604791 2.521947594
1.291406733 1.509575325
1.633889492 1.59027319
1.869024933 1.829377
1.007237065 1.074432496
1.699650179 1.181563308
1.504346235 1.191982737
1.788311758 1.263848473
1.12666711 1.89210494
1.252386158 1.62814251
1.911569016 1.339605822
1.381359782 1.943386381
1.702304583 1.360357768
1.425566377 1.145611923
1.122010044 1.371357325
1.909090936 1.443480937
1.333567645 1.774608327
1.225611201 1.616017739
1.581801392 1.563886196
1.55383234 1.937625855
1.138518009 1.631219156
1.527157379 1.850707955
1.401694381 1.619271268
1.43375144 1.592339983
1.097401154 1.474577432
1.026583914 1.465127674
1.247506343 1.096615535
1.851780342 1.69606458
1.542097729 1.454122607
1.179701432 1.664831371
1.859581263 1.437038342